8 10 3 0 9 5 10 9 0 7 
5 10 9 2 0 7 6 5 0 8 
10 2 0 1 0 3 7 5 10 9 
3 9 9 9 4 5 2 5 8 7 
3 7 10 10 3 4 9 0 0 4 
10 2 7 4 4 8 0 9 3 6 
2 0 8 4 6 1 6 4 8 7 
1 2 4 4 6 7 6 7 5 2 
9 5 5 3 2 1 7 0 6 0 
8 9 8 1 6 9 8 8 3 3 
2 2 3 4 1 6 9 3 0 4 
7 0 9 5 1 1 6 3 0 7 
8 2 1 4 7 0 3 0 7 3 
6 8 7 0 5 4 7 10 1 2 
10 2 6 1 8 9 3 1 4 8 
2 7 10 5 3 1 2 9 8 10 
6 10 5 9 0 4 7 6 0 4 
7 4 4 8 9 4 1 1 3 5 
4 2 4 1 1 0 10 3 4 4 
2 10 1 6 7 4 6 6 4 8 
3 10 5 5 5 10 7 1 3 1 
9 4 5 7 2 4 7 3 0 5 
4 7 4 5 9 4 8 5 5 6 
0 3 8 10 5 1 4 0 10 1 
5 6 2 9 6 8 1 9 1 9 
8 1 0 6 10 3 6 4 3 5 
0 4 6 8 8 2 4 1 10 9 
3 7 9 9 6 4 2 5 5 9 
7 0 9 0 8 10 3 8 10 3 
1 9 0 1 6 2 2 7 10 1 
0 6 3 0 0 3 0 10 6 10 
2 4 9 10 9 8 7 6 5 2 
9 8 10 0 7 1 3 4 4 4 
10 5 6 0 5 8 9 4 3 4 
8 5 0 5 10 5 10 9 5 10 
1 5 4 4 1 9 3 9 7 10 
9 4 9 10 8 4 4 4 8 6 
3 1 0 0 2 5 8 1 10 6 
5 0 2 2 6 5 5 10 10 10 
6 8 6 0 9 9 7 9 8 8 
3 5 8 1 10 0 9 1 5 3 
2 10 9 9 6 8 0 3 3 2 
0 5 2 2 0 6 5 6 6 1 
1 2 5 7 1 9 6 9 0 7 
1 10 8 1 2 2 7 4 2 0 
0 1 9 1 8 0 1 3 9 10 
5 2 5 1 6 3 8 9 4 3 
8 9 0 9 2 10 8 9 10 0 
7 1 6 3 1 0 3 0 5 3 
10 1 5 10 8 4 9 10 2 1 
6 7 7 4 2 2 9 5 4 10 
6 8 8 9 7 0 10 10 8 8 
7 6 0 5 2 8 4 6 1 3 
0 9 0 7 1 4 8 5 0 0 
4 6 3 8 0 7 4 2 0 3 
3 5 1 7 4 0 0 8 5 7 
3 7 2 4 9 7 6 8 5 5 
6 7 3 8 9 0 2 4 1 4 
6 4 7 0 8 3 9 1 9 8 
8 9 1 1 3 5 7 4 6 7 
9 6 3 8 4 4 5 2 0 2 
3 9 8 4 5 9 9 0 9 2 
1 1 2 10 5 2 7 5 9 10 
9 5 0 7 6 3 7 5 1 7 
7 5 10 9 0 3 8 1 8 5 
0 2 1 9 1 6 6 7 6 3 
1 9 3 0 10 3 2 7 6 1 
2 0 9 0 3 1 6 3 5 1 
9 9 5 8 3 9 1 0 4 8 
9 6 3 1 1 1 10 2 10 2 
1 7 0 1 1 8 9 2 1 2 
0 4 10 5 7 3 7 1 3 3 
10 5 1 8 8 8 1 10 2 5 
9 9 2 10 2 0 3 0 1 10 
5 9 2 0 9 0 7 4 2 0 
6 0 10 2 10 7 8 6 2 6 
3 7 10 9 3 1 3 1 4 6 
4 10 5 1 6 9 4 6 2 0 
9 8 4 4 3 3 2 1 4 8 
7 8 5 3 1 8 5 10 10 3 
0 8 0 0 5 8 8 7 0 7 
10 9 1 9 5 2 1 6 0 7 
1 8 3 7 1 6 8 2 0 6 
9 7 9 2 7 7 10 2 10 10 
0 2 5 4 5 10 0 5 0 0 
2 3 7 4 6 0 3 3 1 3 
8 9 4 1 6 2 6 10 6 10 
3 9 3 4 5 10 4 10 3 10 
8 2 2 1 3 5 10 6 1 5 
10 6 3 8 9 10 8 9 2 8 
10 10 4 3 6 0 4 1 9 10 
2 4 6 1 7 1 0 1 8 9 
1 5 5 4 0 4 8 6 7 3 
10 4 7 1 5 4 7 2 4 5 
10 6 5 10 1 3 5 7 6 9 
6 7 7 1 9 3 2 7 0 4 
5 9 10 8 6 0 4 5 9 0 
4 0 0 6 2 8 10 8 2 5 
4 10 6 9 0 5 1 4 8 3 
6 4 6 2 10 3 4 7 0 6 
64 100 9 0 81 25 100 81 0 49 
25 100 81 4 0 49 36 25 0 64 
100 4 0 1 0 9 49 25 100 81 
9 81 81 81 16 25 4 25 64 49 
9 49 100 100 9 16 81 0 0 16 
100 4 49 16 16 64 0 81 9 36 
4 0 64 16 36 1 36 16 64 49 
1 4 16 16 36 49 36 49 25 4 
81 25 25 9 4 1 49 0 36 0 
64 81 64 1 36 81 64 64 9 9 
4 4 9 16 1 36 81 9 0 16 
49 0 81 25 1 1 36 9 0 49 
64 4 1 16 49 0 9 0 49 9 
36 64 49 0 25 16 49 100 1 4 
100 4 36 1 64 81 9 1 16 64 
4 49 100 25 9 1 4 81 64 100 
36 100 25 81 0 16 49 36 0 16 
49 16 16 64 81 16 1 1 9 25 
16 4 16 1 1 0 100 9 16 16 
4 100 1 36 49 16 36 36 16 64 
9 100 25 25 25 100 49 1 9 1 
81 16 25 49 4 16 49 9 0 25 
16 49 16 25 81 16 64 25 25 36 
0 9 64 100 25 1 16 0 100 1 
25 36 4 81 36 64 1 81 1 81 
64 1 0 36 100 9 36 16 9 25 
0 16 36 64 64 4 16 1 100 81 
9 49 81 81 36 16 4 25 25 81 
49 0 81 0 64 100 9 64 100 9 
1 81 0 1 36 4 4 49 100 1 
0 36 9 0 0 9 0 100 36 100 
4 16 81 100 81 64 49 36 25 4 
81 64 100 0 49 1 9 16 16 16 
100 25 36 0 25 64 81 16 9 16 
64 25 0 25 100 25 100 81 25 100 
1 25 16 16 1 81 9 81 49 100 
81 16 81 100 64 16 16 16 64 36 
9 1 0 0 4 25 64 1 100 36 
25 0 4 4 36 25 25 100 100 100 
36 64 36 0 81 81 49 81 64 64 
9 25 64 1 100 0 81 1 25 9 
4 100 81 81 36 64 0 9 9 4 
0 25 4 4 0 36 25 36 36 1 
1 4 25 49 1 81 36 81 0 49 
1 100 64 1 4 4 49 16 4 0 
0 1 81 1 64 0 1 9 81 100 
25 4 25 1 36 9 64 81 16 9 
64 81 0 81 4 100 64 81 100 0 
49 1 36 9 1 0 9 0 25 9 
100 1 25 100 64 16 81 100 4 1 
36 49 49 16 4 4 81 25 16 100 
36 64 64 81 49 0 100 100 64 64 
49 36 0 25 4 64 16 36 1 9 
0 81 0 49 1 16 64 25 0 0 
16 36 9 64 0 49 16 4 0 9 
9 25 1 49 16 0 0 64 25 49 
9 49 4 16 81 49 36 64 25 25 
36 49 9 64 81 0 4 16 1 16 
36 16 49 0 64 9 81 1 81 64 
64 81 1 1 9 25 49 16 36 49 
81 36 9 64 16 16 25 4 0 4 
9 81 64 16 25 81 81 0 81 4 
1 1 4 100 25 4 49 25 81 100 
81 25 0 49 36 9 49 25 1 49 
49 25 100 81 0 9 64 1 64 25 
0 4 1 81 1 36 36 49 36 9 
1 81 9 0 100 9 4 49 36 1 
4 0 81 0 9 1 36 9 25 1 
81 81 25 64 9 81 1 0 16 64 
81 36 9 1 1 1 100 4 100 4 
1 49 0 1 1 64 81 4 1 4 
0 16 100 25 49 9 49 1 9 9 
100 25 1 64 64 64 1 100 4 25 
81 81 4 100 4 0 9 0 1 100 
25 81 4 0 81 0 49 16 4 0 
36 0 100 4 100 49 64 36 4 36 
9 49 100 81 9 1 9 1 16 36 
16 100 25 1 36 81 16 36 4 0 
81 64 16 16 9 9 4 1 16 64 
49 64 25 9 1 64 25 100 100 9 
0 64 0 0 25 64 64 49 0 49 
100 81 1 81 25 4 1 36 0 49 
1 64 9 49 1 36 64 4 0 36 
81 49 81 4 49 49 100 4 100 100 
0 4 25 16 25 100 0 25 0 0 
4 9 49 16 36 0 9 9 1 9 
64 81 16 1 36 4 36 100 36 100 
9 81 9 16 25 100 16 100 9 100 
64 4 4 1 9 25 100 36 1 25 
100 36 9 64 81 100 64 81 4 64 
100 100 16 9 36 0 16 1 81 100 
4 16 36 1 49 1 0 1 64 81 
1 25 25 16 0 16 64 36 49 9 
100 16 49 1 25 16 49 4 16 25 
100 36 25 100 1 9 25 49 36 81 
36 49 49 1 81 9 4 49 0 16 
25 81 100 64 36 0 16 25 81 0 
16 0 0 36 4 64 100 64 4 25 
16 100 36 81 0 25 1 16 64 9 
36 16 36 4 100 9 16 49 0 36 
